xxxxxxxxxxxxxxxx
0100000000001100
0011111111111000
0011111111100100
0011111111010000
0011111110111011
0011111110000000
0011111101000100
0011111100001010
0011111011001111
0011111001101101
0011111000001011
0011110110101001
0011110101000101
0011110010111101
0011110000110101
0011101110101101
0011101100100010
0011101001110101
0011100111001001
0011100100011100
0011100001101001
0011011110011100
0011011011001100
0011010111111100
0011010100101011
0011010000111010
0011001101001010
0011001001011001
0011000101100010
0011000001010011
0010111101000100
0010111000110100
0010110100100001
0010101111110110
0010101011001110
0010100110100011
0010100001110111
0010011100110010
0010010111101110
0010010010101001
0010001101011110
0010001000000011
0010000010101001
0001111101001111
0001110111110000
0001110010000011
0001101100010110
0001100110101100
0001100000111011
0001011010111110
0001010101000010
0001001111000110
0001001001000111
0001000010111111
0000111100110111
0000110110110000
0000110000100100
0000101010010100
0000100100000101
0000011101110101
0000010111100111
0000010001011000
0000001011000100
0000000100110001
1111111110011101
1111111000001010
1111110001110111
1111101011100011
1111100101001101
1111011110111110
1111011000101110
1111010010011110
1111001100010011
1111000110001100
1111000000001000
1110111010000000
1110110011110101
1110101101111001
1110100111111101
1110100010000000
1110011100001010
1110010110011101
1110010000110000
1110001011000011
1110000101011111
1110000000000100
1101111010101010
1101110101010011
1101101111111110
1101101010111010
1101100101110110
1101100000110001
1101011011110101
1101010111001010
1101010010011111
1101001101110011
1101001001001111
1101000101000000
1101000000110001
1100111100100010
1100111000100000
1100110100110001
1100110001000001
1100101101010000
1100101001101011
1100100110011100
1100100011001100
1100011111111100
1100011100111001
1100011010001100
1100010111100000
1100010100110011
1100010010010010
1100010000001001
1100001110000011
1100001011111011
1100001010001000
1100001000100110
1100000111000100
1100000101100010
1100000100001111
1100000011010100
1100000010011001
1100000001011110
1100000000110111
1100000000100011
1100000000001111
1011111111111011
1011111111111011
1100000000001111
1100000000100011
1100000000110111
1100000001100010
1100000010011110
1100000011011001
1100000100010100
1100000101100001
1100000111000011
1100001000100101
1100001010000111
1100001100000110
1100001110001101
1100010000010101
1100010010011101
1100010100110110
1100010111100011
1100011010010000
1100011100111100
1100011111110101
1100100011000101
1100100110010100
1100101001100100
1100101101000111
1100110000111000
1100110100100110
1100111000010111
1100111100100001
1101000000110000
1101000100111111
1101001001001110
1101001101101100
1101010010011000
1101010111000011
1101011011101110
1101100000101011
1101100101110000
1101101010110100
1101101111111000
1101110101000110
1101111010100000
1101111111111011
1110000101010101
1110001011000100
1110010000110001
1110010110011111
1110011100001100
1110100010001000
1110101000000101
1110101110000001
1110110011111101
1110111001111000
1110111111111011
1111000110000011
1111001100001011
1111010010100011
1111011000110011
1111011111000011
1111100101010010
1111101011100000
1111110001110100
1111111000000111
1111111110011011
0000000100101110
0000001011000001
0000010001010001
0000010111100100
0000011101111110
0000100100001110
0000101010011101
0000110000101101
0000110110101011
0000111100110011
0001000010111011
0001001001000011
0001001111010010
0001010101001110
0001011011001011
0001100001000111
0001100110101111
0001101100011100
0001110010001001
0001110111110110
0001111101001001
0010000010100011
0010000111111110
0010001101011000
0010010010100111
0010010111101100
0010011100110000
0010100001110100
0010100110100100
0010101011001100
0010101111110111
0010110100100010
0010111000111100
0010111101001011
0011000001011010
0011000101101001
0011001001011000
0011001101001000
0011010000111001
0011010100101010
0011011000000001
0011011011010000
0011011110011110
0011100001101110
0011100100100111
0011100111010100
0011101010000001
0011101100101101
0011101110100111
0011110000101111
0011110010110111
0011110100111111
0011110110110000
0011111000010010
0011111001110100
0011111011010111
0011111100000001
0011111100111100
0011111101110111
0011111110110010
0011111111011100
0011111111110000
0100000000000011
